Input values:
[9.0, 5.0, 9.0] 6.0
[1.0, 3.0, 4.0] 8.0
[9.0, 5.0, 3.0] 5.0
Obbjective:
[2.0, 1.0, 2.0]
Tableu initialized:
[9.0 5.0 9.0 1.0 0.0 0.0 6.0 ]
[1.0 3.0 4.0 0.0 1.0 0.0 8.0 ]
[9.0 5.0 3.0 0.0 0.0 1.0 5.0 ]
[-2.0 -1.0 -2.0 0.0 0.0 0.0 0.0 ]
Basis:
0->3
1->4
2->5

Pivot done:
Entering var: 0
Leaving row: 2
Leaving var: 5
[0.0 0.0 6.0 1.0 0.0 -1.0 1.0 ]
[0.0 2.4444444444444446 3.6666666666666665 0.0 1.0 -0.1111111111111111 7.444444444444445 ]
[1.0 0.5555555555555556 0.3333333333333333 0.0 0.0 0.1111111111111111 0.5555555555555556 ]
[0.0 0.11111111111111116 -1.3333333333333335 0.0 0.0 0.2222222222222222 1.1111111111111112 ]
Basis:
0->3
1->4
2->0

Pivot done:
Entering var: 2
Leaving row: 0
Leaving var: 3
[0.0 0.0 1.0 0.16666666666666666 0.0 -0.16666666666666666 0.16666666666666666 ]
[0.0 2.4444444444444446 0.0 -0.611111111111111 1.0 0.49999999999999994 6.833333333333334 ]
[1.0 0.5555555555555556 0.0 -0.05555555555555555 0.0 0.16666666666666666 0.5 ]
[0.0 0.11111111111111116 0.0 0.22222222222222224 0.0 -2.7755575615628914E-17 1.3333333333333335 ]
Basis:
0->2
1->4
2->0

Pivot done:
Entering var: 5
Leaving row: 2
Leaving var: 0
[1.0 0.5555555555555556 1.0 0.1111111111111111 0.0 0.0 0.6666666666666666 ]
[-2.9999999999999996 0.7777777777777781 0.0 -0.4444444444444444 1.0 0.0 5.333333333333334 ]
[6.0 3.3333333333333335 0.0 -0.3333333333333333 0.0 1.0 3.0 ]
[1.6653345369377348E-16 0.11111111111111126 0.0 0.22222222222222224 0.0 0.0 1.3333333333333335 ]
Basis:
0->2
1->4
2->5

Optimization finished:
[1.0 0.5555555555555556 1.0 0.1111111111111111 0.0 0.0 0.6666666666666666 ]
[-2.9999999999999996 0.7777777777777781 0.0 -0.4444444444444444 1.0 0.0 5.333333333333334 ]
[6.0 3.3333333333333335 0.0 -0.3333333333333333 0.0 1.0 3.0 ]
[1.6653345369377348E-16 0.11111111111111126 0.0 0.22222222222222224 0.0 0.0 1.3333333333333335 ]
Basis:
0->2
1->4
2->5

Result:
[0.0, 0.0, 0.6666666666666666]
Input values:
[9.0, 5.0, 9.0] 6.0
[1.0, 3.0, 4.0] 8.0
[9.0, 5.0, 3.0] 5.0
Obbjective:
[2.0, 1.0, 2.0]
Different bounded results: commons [0.5, 0.0, 0.16666666666666666] my: [0.0, 0.0, 0.6666666666666666]

